0.884287220784, 0.88782358581, 0.883029721956, 0.879194630872, 
0.888215959743, 0.890849943974, 0.886546904121, 0.882498497412, 
0.884287220784, 0.88782358581, 0.883029721956, 0.879194630872, 
0.881836202599, 0.88622163985, 0.88119243672, 0.877759472174, 
0.835682101428, 0.837679769895, 0.83288590604, 0.834036433365, 
0.841446586746, 0.841388349213, 0.83885767584, 0.838331138836, 
0.835682101428, 0.837679769895, 0.83288590604, 0.834036433365, 
0.833829222675, 0.835907332196, 0.830775095597, 0.832596887129, 
0.746237177644, 0.747842761266, 0.74573346117, 0.740076701822, 
0.750341562023, 0.750889472453, 0.757189531405, 0.744447584696, 
0.746237177644, 0.747842761266, 0.74573346117, 0.740076701822, 
0.73440282141, 0.736141310267, 0.733153252986, 0.725925554796, 
0.890710382514, 0.891754554171, 0.887919463087, 0.88389261745, 
0.89316161109, 0.8931764936, 0.890177960913, 0.88603633561, 
0.890710382514, 0.891754554171, 0.887919463087, 0.88389261745, 
0.889077882571, 0.890651198989, 0.886687844832, 0.883066510881, 
0.883999616528, 0.88322147651, 0.876222435283, 0.875551294343, 
0.88671677692, 0.885116055931, 0.879186327587, 0.876579929149, 
0.883999616528, 0.88322147651, 0.876222435283, 0.875551294343, 
0.883262230079, 0.882648019702, 0.875295992391, 0.874834984486, 
0.819001054549, 0.819846596357, 0.8138063279, 0.81975071908, 
0.825106149904, 0.824192975945, 0.819685378708, 0.824210889544, 
0.819001054549, 0.819846596357, 0.8138063279, 0.81975071908, 
0.817296706572, 0.818313256267, 0.811631454068, 0.818511369474, 
0.890326910172, 0.891850431448, 0.886481303931, 0.882742090125, 
0.892873925971, 0.893046730446, 0.888266678543, 0.884614219169, 
0.890326910172, 0.891850431448, 0.886481303931, 0.882742090125, 
0.888706239468, 0.890727793974, 0.885178605855, 0.881858410604, 
0.890518646343, 0.891083413231, 0.882454458293, 0.882070949185, 
0.89060742243, 0.891817236369, 0.883445024819, 0.882437606652, 
0.890518646343, 0.891083413231, 0.882454458293, 0.882070949185, 
0.889856301024, 0.89070936744, 0.882044848259, 0.8815568484, 
0.843926756783, 0.841706615532, 0.833173537872, 0.835378715244, 
0.847718408248, 0.84446140754, 0.835999219197, 0.836717328144, 
0.843926756783, 0.841706615532, 0.833173537872, 0.835378715244, 
0.84282737413, 0.840760662879, 0.831592709981, 0.834474305452, 
